import os

from os import getenv

API_ID = int(os.getenv("API_ID", "26945997"))

API_HASH = os.getenv("API_HASH", "243909991094faec591cdf0b8f86cbde")

BOT_TOKEN = os.getenv("BOT_TOKEN", "6753641075:AAHJG1xAV1vmRs94um_A_EJweW5IN4-qWiY")

TO = int(os.getenv("TO", "-1002013166037"))

FROM = int(os.getenv("FROM", "-1002089478686"))

DATA = [36394, 36301, 36285, 36139, 36127, 36126, 36082, 36053, 35622, 35475, 35474, 35325, 35324, 35323, 35322, 35321, 35320, 35319, 35317, 35316, 35315, 35309, 35301, 35205, 35201, 35200, 34987, 34049, 34025, 33974, 33508, 33274, 33254, 33214, 33213, 33211, 33207, 33056, 33055, 32861, 31914, 31913, 31912, 31251, 31245, 31087, 30572, 30571, 30112, 29817, 29731, 29413, 29412, 29411, 29410, 29409, 29408, 29407, 29406, 29405, 29404, 29403, 29402, 29401, 29400, 29399, 29398, 29397, 29396, 29395, 29394, 29393, 29392, 29389, 29388, 29387, 29386, 29385, 29384, 29383, 29382, 29381, 29380, 29379, 29378, 29377, 29376, 29375, 29374, 29373, 29372, 29371, 29370, 29369, 29368, 29363, 29052, 28613, 28507, 28506, 28256, 28238, 28237, 28236, 27470, 26240, 26239, 25826, 24693, 24405, 24193, 23147, 22540, 22539, 22538, 22537, 22536, 22535, 22534, 22533, 22532, 22531, 22530, 22529, 22528, 22527, 22526, 22525, 22524, 22523, 22522, 22521, 22520, 22519, 22518, 22517, 22516, 22515, 22514, 22513, 22512, 22511, 22510, 22482, 22121, 22119, 22118, 22117, 22002, 21955, 21928, 21693, 21269, 21130, 21122, 21100, 21099, 21098, 21097, 21072, 20960, 20959, 20957, 20956, 20955, 20924, 20922, 20921, 20920, 20919, 20918, 20917, 20916, 20915, 20914, 20913, 20912, 20911, 20910, 20909, 20908, 20907, 20906, 20905, 20904, 20903, 20902, 20901, 20900, 20899, 20898, 20891, 20890, 20889, 20887, 20886, 20885, 20884, 20862, 20623]
